1000
-1515950631
1426259455
1759541169
92078066
-2081995580
-1387626951
-546972063
1039849739
649249053
-1509544529
-603399750
-1074069283
-1294560254
1685457568
796563914
1642804344
-2005240469
1965253591
1178088073
-316487566
435738599
-1393034625
2147379846
456161954
-1968090070
977326842
1961249164
-624981983
-58214220
-1484077104
-782735302
435867869
-1768728324
-539944875
-1907723118
-121255014
113217217
1870117064
-1763547451
-2057541400
-767112355
-322815521
-1202615323
882680866
-96541146
-931334979
978375188
1677941151
406033457
709736594
783517682
-998210485
1470645864
-1147691518
2068855800
-750686707
802030695
1530497582
1990971689
634058672
-1718942514
1040825451
-1016497041
-1224439593
-1459413951
-144662369
-950164467
-1731759975
-94935105
558289934
161880842
-1532954901
-1471669968
2110196954
-1346103975
980876818
-1947119570
-1444789844
1369336720
-951326380
-862086919
827193097
2067855921
-2086082332
-894711987
-707694379
40936739
-1882343249
-1568018704
387900147
1081217711
362248509
-1961203154
1329629858
-395002326
-240538908
-439012239
124985327
2007281587
1535648707
-2000755584
642015592
1151522598
147392598
1923898572
1450197159
823844241
-1584388469
1944171884
-467815676
-294305444
1884103275
-1293245848
1889712071
-1136191270
758842502
-779776804
-745594219
1998256208
592597913
-1155170485
-261979637
1693668609
116097340
2005683764
-1044162791
1574652661
1256626155
2072656267
182704489
440598708
-1989083467
-817510549
-640162618
1267811440
-109640157
-177542527
-1122404859
-36317829
-201190987
1806832404
1621102313
-974416505
1430597624
1872959177
-2117267392
-950888043
-461772300
-1690009472
1426145373
1051463023
834811113
1823218048
-858106825
-1624568437
-1417417574
-1955620106
1858524312
-1876850879
-77314808
1365601323
613257911
-918667993
-360077275
-567138916
-2006882991
-467493692
914564150
154444
-1776164064
-383375416
-988235313
1152167339
-1906914006
-1109192992
-1437404370
-656454028
258742177
-226651567
-783188215
-2076704472
506056963
-140427378
1189197002
856427103
1781858296
1117640348
1150044732
-1350647518
-619977099
-1990473801
446990505
508688050
1971286557
-86123178
-1133877571
-410116751
-2068700427
-1051854067
-1271632098
1452651946
-62719504
234869053
-1925413256
152610761
1192816582
-680955668
-229884623
39423823
-1465391172
1600411143
2084132785
362346770
-296747226
-116916172
-1433113514
-876397066
-300975933
985171166
-2125205250
599899314
-11448827
1062401392
-814930665
-1941683218
1006648085
1579058527
262019904
986388953
-1694306419
-1470078982
-1685312631
-230617548
-208962775
-2041187858
-688266089
-1229773824
-809012962
1625443583
377961899
-939556639
271908249
1412399310
-710570133
-1164709659
-208200207
1022538982
1172261021
-1587678236
-1570448431
94509235
1686778755
-2014372583
2119605791
-1247072302
901796644
1311783768
1890118322
2105184914
-869178132
1350692397
1100108577
-1421449282
-68321015
-831987204
-715219000
-125907159
-2063123382
310918188
1273089931
1277296227
-1281869908
-1480687527
-1593925535
1710924400
-1779896150
-588013086
-675298091
-715192212
-339294374
-1000409275
-1035310817
186667092
-551312754
-1242190097
766015743
801101278
-314255108
-1535648456
799353978
-2135212664
390605387
594533467
-381727304
-1185849556
48963684
1368494575
1865307088
2036054100
-1878167913
836667084
-1397108306
1514199248
-921672419
-437417795
851631868
-2111881915
55690090
-1534891200
1633945783
-1111676394
1291073843
516644019
-1995850694
1864345189
1486103737
-1623156257
352887218
915249252
967078046
1761260778
-934042627
849389984
-1030220320
839422508
1778790764
1279233353
713047268
2060499298
1993987158
760474877
-933545183
401723529
1947890198
418079837
1864918983
1240336397
-1716573259
-1352580697
-1018969461
-1639383074
1819625381
2139081361
1954175323
740617805
-1862392701
1702619280
1653984251
-2019202230
-2017668045
-1296996143
891514361
721046123
1764434353
-2084962646
354848987
-1662172491
-225588936
-465992322
-1891490952
-57046873
-1994614319
1508394738
-1843043793
2005550579
-1184350106
-2013992976
315679233
-2094605943
483731912
1125878472
1588495923
-318707539
1571181130
1348335360
511003864
-250639826
213110825
-2015294025
-1097086158
-1963873331
-611583959
-615616544
790767466
784231435
-959660583
1234601402
-650227528
542377264
641162691
-549404475
281094894
-1403898732
-548991420
446284667
-948611200
67905214
39642690
1062779579
1886573061
1756030258
-1564640567
-675730481
249459408
-2107793841
1172370465
531106126
533588846
1962276011
-977407620
-599107253
-586392042
-1735773956
1176039073
-1384621576
1656581454
901683854
-507719637
674273950
2031926892
-1016960473
1435788769
-224741432
-999250533
1726524358
-1016779235
-1795241694
1335555237
-465279735
1031559024
-1210731629
1401911488
731145658
2020456397
-384236760
-1065221299
1084693137
572303123
-1189720832
-1490719740
1013338476
2031174653
1382193811
-2092560124
-502704192
276479255
1004880490
830960058
2075498967
266001006
-2144646047
-507773283
-417749644
1535916697
1074792583
-378006693
-1340636844
1466297626
1793394694
-1831362911
1249746897
-1790324199
-1126518324
-27296533
-144544695
1661919490
-155571
1451623013
459722145
1284302480
2084396678
2138347312
700230059
1382415919
-1499864405
-941465385
-867002794
1336919327
-1655324118
855003281
800799066
280570689
785200675
-857935218
1263314798
892542445
1285512022
1349204726
1317003190
635844136
714346431
1394948175
315373648
179900697
-1419955224
-1501926645
642768668
814897869
910050540
208344183
701673551
976332700
-2086264572
1482207726
-100897768
1714087386
-1128115608
-567348481
623260414
394112824
-1107564289
1964654717
-471881356
144806133
198884823
962987652
-521782768
-341587001
1270220885
1309834071
2061806708
-19619518
83677318
-713840343
696690417
-1444712414
-1957283726
885028798
-2107034325
1535258914
1922003648
1545041836
-1372758416
1183325446
1040759190
779493589
-1895831484
2061395004
-1971525972
1438969823
1169439929
-1358091823
-1404383123
-212942562
-1155220922
1098011797
1918767407
1744657638
318439646
2095587483
-2050007294
1794692845
-752843471
331576140
-227909507
158893251
-1046078565
-1458705563
1555904583
57013837
-683077871
-66237119
363053677
-1732733503
-802982434
-2014699436
1135492520
1407603808
-124152659
1681237506
-602853342
-1199832819
1194954911
-1715103104
639768248
-1726422445
160528917
-1616776291
1030020126
630816251
133128901
1984025152
168679534
934219707
-1367162953
363487757
-1479411923
-2000443922
1173531067
1641515901
1206367006
-1604866097
894699906
-481885349
-70126285
2025940235
1932546279
-895416585
2094979169
-114101892
-556303247
335006566
-1246159991
-115648084
450771974
222042027
129606255
-1339437384
-376148386
-758217738
-1840523327
1548816107
310199676
-1546602840
-2087525219
43657604
1137841367
152816841
-1006539685
-1890222464
442559693
987709012
-1365651549
1323498060
1951637414
1158772587
-2089002671
-1241595811
-874911302
1698543401
-368366456
509300222
1407071798
1248230111
-1591193263
-2075690280
727123236
396675737
1478082129
14193371
-1298118856
1348840171
404128808
2125374052
1956876490
-486593779
-503015213
-550127178
-1179193990
-1532810974
1184542482
1606883328
-349745808
-1911781308
811925925
-2086425713
-332253122
-151622791
-57901664
-35938017
1308105281
1528487955
-392799100
271147168
-304413548
-1800176192
-1127296948
-2113188778
59503018
168045383
-678328589
-754750254
-1175241642
-871229133
824184335
1490436425
-361931584
-76751549
-276039996
-1403863681
1839484266
737240266
1631542534
-1889167919
715768549
628100974
-464589362
1622837301
1060044956
1434989474
158615376
-2008554663
389552849
1740866999
1034939089
933744368
-1287336633
-2042970800
651275937
2023043974
-37528103
2014184441
-1730388908
-456924065
285518069
143327275
-938770362
-1705691343
954726308
-378985307
1994600920
101273255
-1239429640
1042042447
-953612272
1504859703
464538921
1369435678
1175948125
-10003146
999769998
-143293594
-347786345
-1371667298
-417140562
-603549275
907184544
553429266
-173944630
-455326063
1793472489
1912386705
1474287180
1697428120
344920733
-1812235945
-1391137075
-1506448649
-995573957
-2056218016
-1399886668
1735705064
-1962954908
-1943295689
788406017
1469160398
-1337885768
-357378140
1201986795
-705076647
1151249339
858667072
628531266
-26100792
618780023
610792258
1784683327
1690746753
-1305387395
-2003534466
979502732
-342261901
2063986533
-1683512214
-2114928337
1578805589
1607509062
-1042114473
-1755683850
64182677
-2089519246
1150779354
-2133483156
1617321530
1043420744
1372477594
-1169453479
949730928
-1084060591
857855917
-1962837792
-1944317278
584588006
1653502735
-1022799715
34222413
-183206001
1124918666
-1038787801
-20869722
-2082831307
-521535550
-631763279
1100526163
113976969
-625382060
-1362368327
928338756
-1433440352
-264930042
757216542
865396247
-1838177907
-290121199
980396793
-904043065
1747652586
-1650206570
-193653038
-956915885
42665430
146795052
1686459671
-51798266
-1885336424
1454754907
1482343302
-1250938157
541219333
-1264097030
-1935748757
1728244187
920810946
-632924627
1145865765
-1374533840
-109212700
-394902054
815262931
-1026370645
-1975057529
-2025724162
617689576
1618541103
-8170951
254845909
1134088719
-151534139
921737610
2010382747
393170121
1418343802
366758817
970947114
-1154680146
1554966310
-1566397431
-499395396
-836482848
-2107214892
1827009124
-223792132
-1021463461
1204004946
1985503260
-698371663
1898083112
1802331567
788130809
1946791034
1294213817
1450868278
-194364877
-1099361974
130870449
84706385
-256322626
-85529720
-174303850
-609608059
690827521
-569631627
-586135998
244854414
626824131
-839388055
-653369810
-392766898
-1421903451
747434790
617061354
1751705397
-1891846558
2086515535
-540658065
830954288
-1837670618
-654731524
482167734
-1006816145
-32302131
265926331
-1539554512
-774673359
307622890
1360086399
-223499723
-1374180601
2018881332
-392307597
-360830986
-1521835067
1219083934
1512988460
-1679703327
2133312501
-1517926901
-384281612
-675423911
-1295541311
1415989822
-1115862295
-501192800
779997221
-1801570821
-1114371757
821896440
1717323625
-1569561222
-1108540960
113134425
489692045
-1166381594
1011769295
1008413422
-140904914
1480501115
822431817
945403780
-1663858847
1733246533
-1935437860
1784005107
545614310
1385094480
918106175
1763082
-2095484391
-1870552318
-1444350896
-1673787299
672107457
-878265151
-1664132822
-985743478
-517599921
-1759638803
1419109561
-1264514383
-366633861
-815458351
-1309110087
1775340298
993813186
-684684814
-777459149
-1359919629
-295595201
881213046
495555463
-1265919272
1814562920
-607592714
701622191
-1050451538
-1273821783
-687322092
-423570262
-266899945
-1907960656
1191683135
217389689
201881709
-732369153
1241984139
-549035294
-1288750071
1028086830
-1151896295
971274390
-1157423936
1871339672
-48889435
-904211211
-844041952
-1909784368
-1607766313
-2000684140
-745130336
1340362165
-106130022
1070435735
1367833696
-958071829
-245158296
610464753
358073969
-586692129
-1025879082
1464582021
